5147456199381095213
-5157132135030753712
-2130311913183089019
-8688971987125980906
6318095555821120492
5004736033778415554
-8804491193311348537
1468915310024182771
3592412057498664093
7091338838100507920
8567625476710764081
-4192225927525370501
8372445869613671891
2999396065788454662
520979052527968498
-8109030960644109659
7705959645748898550
3235397602568595301
-3732817996270575796
1479553538274186397
-6816196320271927102
8249243403416988514
-7731124205579869676
3446368446662728511
8698796106297244613
6774619243000878629
6135196588827355955
7641760555640227744
-8860897816538167579
-2594850660959663285
-984332132887563225
7630464492910040710
2590102080081447385
-4445866051221894811
7685790644620971138
-8522068919067125013
8746681666572556203
4392825975332213879
-406139039126992790
-6414423479851003778
-4451453047049650884
5337725139653652602
9135787395119513368
-1192863020023448031
-5307041834958788672
-4859424162984252454
-8494043466040321703
-1641415298775259028
-8788985653976327362
-480867947101586952
5749567650144989200
3601672307226694697
-2831905785803982575
-6427002214526018135
-3484874575097152846
8843087732866226390
1556279514275419753
-3235363916534946891
7817700094654762440
1530916568474010406
2941424235710440139
-6261120237451448999
7555104166820604273
73668866287568768
-1604652015913460083
-6238995597485520187
-7302999470403414051
-4237793647063825282
4743485321049432411
9209934036613490079
393972673901370323
-8230126605645261456
3853011782577713333
-382198629604410497
-1113757906597744852
-970165253964466985
-427037153955535250
6756162378600802417
8970949336284565845
-8807556858800705814
6318031618706384687
5022674542915682678
-5572385966237538863
-3872456877922294764
-5906572193684657934
-7575841544315322621
-8764135406313217355
8580688416242097011
1693593772193941895
9007812937880401792
5085940095365271339
58996685527541083
5662708358375601426
6247506947957942729
-8304089015555337745
4010170733348031953
3222774700420684939
-9010211456437921871
-3754826410188697643
7651027796538269457