0.4556986
0.5856926
0.8352538
0.09237093
0.88638014
0.54253197
0.33237922
0.55089575
0.88431
0.90711045
0.057605624
0.98010635
0.18895286
0.15348631
0.5094534
0.34190106
0.64509696
0.7902323
0.12663823
0.44780463
0.4501956
0.21386683
0.7791707
0.9060188
0.1831277
0.63498443
0.46046084
0.15496576
0.9789135
0.603332
0.16772097
0.5322816
0.4890551
0.59897
0.19284534
0.8034377
0.22864908
0.6273947
0.3778085
0.08949417
0.33755207
0.09399408
0.54111344
0.5648875
0.6551236
0.91501
0.80667675
0.28523582
0.76098907
0.71643555
0.09366077
0.7091245
0.4055537
0.5877934
0.51314336
0.81957924
0.6344823
0.59391767
0.90130377
0.6689023
0.19497716
0.64474726
0.5632403
0.86885685
0.2455126
0.31139433
0.4490171
0.24655211
0.42491603
0.327663
0.20456445
0.07016128
0.37463456
0.29168135
0.6832644
0.9187769
0.45615047
0.084905386
0.7461988
0.19386524
0.723366
0.7486294
0.27500474
0.22816235
0.9600726
0.6350743
0.8540742
0.9892992
0.49116826
0.10554463
0.20959431
0.06343621
0.44203413
0.5470779
0.21089911
0.26782602
0.52549803
0.077132165
0.6121802
0.22523677