0.39695400457073016
0.032566387963935295
0.5221548634816922
0.20263848632398507
0.2113992817160063
0.8663760922140795
0.810812463970593
0.15935328977251895
0.855894938853942
0.8573100837985553
0.8823492807903106
0.03995706837178237
0.5728081464833084
0.400587578255749
0.19919325147725853
0.3804361794537203
0.7334171593897441
0.9062599824144161
0.7649681330911055
0.4390503013633844
0.29997115449011624
0.6263049428944651
0.2681085685739526
0.3682243486214024
0.8549394294548989
0.04098301410881
0.6594400149706412
0.9024439255590074
0.7798775955732697
0.9750189944058595
0.7134365494853439
0.5476584673906206
0.9524719586922125
0.6581167263256046
0.23712727685753188
0.7547667191455965
0.02270533415057341
0.1445099543114019
0.11113065240780029
0.7130791758118016
0.9277209315635764
0.8626986112865926
0.2740525738021339
0.2092225200246708
0.8098434826220264
0.5792141210380662
0.0944933345824277
0.4627716784453745
0.9133496171427621
0.7292030243647997
0.31416509449223584
0.9719649954422236
0.3529623810242546
0.8918138392216857
0.8911300845544438
0.1811786978377229
0.8706775557096772
0.16981678865840744
0.6239275422146808
0.2164067922924604
0.8274122312508867
0.37058169316136724
0.3953646467728864
0.02581330238359625
0.7120989637052073
0.17948485317014706
0.23900518161672457
0.009493676472332346
0.39323158886529086
0.9670103383959477
0.20189714167729855
0.6259025168378048
0.1865016364415154
0.47725727141417484
0.15383816453809518
0.521975495284324
0.5670469788620243
0.4082593890987617
0.2764859834806147
0.44979317880727565
0.01596752737982765
0.8134686368872852
0.954878351910012
0.6047049065405774
0.05814486075515579
0.328950246270479
0.18943502312340632
0.04815143377403042
0.022036454733929123
0.46228123477589245
0.44827213556477086
0.5629951197699472
0.4319971869980722
0.5668405153942833
0.08766707937903506
0.629986639076167
0.2298138981445622
0.6691233816117644
0.08277000756557618
0.2110680327653225